100 100
0000000000000000000000000000000000000000000000000000000000000000000000000000000000000000000000000000
0000000010111100011111000111111011000001100100000011111111111111111100000111111111000000110111001110
0000110011111111111101010111111011111111100011000100110110111110010111111111111110011100111010001000
0010011111011100001111111101111101101111111011000101111111101111111011011111110010111111111010001100
0111111111111110001010011111111110011011110011011101111111111101101011101011111000111110111111111100
0111111100010000000011011110011010111111111111010111111011011110101011110011101111001100111010010110
0100010111110100000111111111111111111111111011111101101011110111111101101111101101111111100000111110
0000111100111111110111111111110001111111100011111111111111110100001111000111111000000000000000000100
0000111111101110011111111111011101111101111110111110111100111111111111011110111111111011111110111110
0111101100111100011111111110011111001111010110111000111001001110011111111111011111111111111111111110
0111111100011111101111111111111111111110011110110111101111101111111011010000111110111101111110011110
0101001000111111111111101101111111111110011111111111100111111111101111111000011110110001111011111100
0001111001111011110011101111110111111111111110001001110111111111110101111000011111111101111111011000
0010111111011111110100111110100110111111111111111111111011001111100111111111011011111110110111011010
0011101111111010000011111110111011110000001011111100001001111000111111111011110000010000000000001110
0011101111101111111011111101111111011111111011111011110011111111110110111111110110011110111111011010
0011101101111111101101101111111111011111111111111111001111010111111111111111101111111110111110111010
0000110000000110001100110110010000001111001111111100011111100000111111100000000000011110010000000000
0000011111111111011111011111111111111001111001110110011111111111111110001101111111111111101000100000
0000011101111101111101111011001111111111111111100111011111111011011111101110100111011110111100111110
0011101000001111111111111011111111111111110111111011011111111111011110111010101101111011111100111100
0011111100011101111111010011111101111011111101110111101111111101111111111101111111110011111111011110
0000111111111011111010100000111111101111001101111111100100111011111111111110111011111011110110001110
0011101111111111111010100000111111011110001110111110100000111110100101011111101111111111111101011100
0000100111111111001110101110000011111111111110000011111100000001111100111111110101111111111000001110
0111011101101010011111111000111101010101101100000111101111111111111111111011011001011111011100110100
0001111111101111110000011000011110111000110111100111100000111111111111100001111111111000010000111110
0001111111011111100111011111111111011101101100000111100111110111111111111111000000011111001000000000
0001001101101010100101000111110111110111111010000111010011110111111111001010011000001101101110000000
0000001111111111111111111110110101111111111111111111111111111111101101111111111110001111111111111110
0000111111110000110100111101111100111111110110011111011101111011111111111111101111110111101111111110
0000111110111000110000001011111000011101101111111110011110111111111011111111111101100111111111111010
0111101111111110011110011111101000111101111111010111101111111110110010011111011001111101001010011100
0101011101111101110100011111101111011101100111111011011111101110111111011010011111111111111111111110
0111010001111111110111010101111111111110111100101101101111111111110011101111111111101011100111111110
0011100111110001111111111101100110110111010010111111111101011011011010111111111110011011111111010110
0011111110111111111001111111111111000100000110101001111110011111101110010111111011111110111101000100
0011111110111101111111111111101111111000000111111110111110110111111111111111111111111111111110111110
0110001111110100110111111011111111111110000111111110111111011011100111110101111111111100001111111100
0111111101011100011011011111111111111111000100111101111111110010111111111011011111111011101111111110
0001111111101111111111101111111111110111111011111111101111111111111101110111001111111100111100111110
0100111110111011011111111111111011011110111111111111111111111111011111100111100111111111111100111010
0111110111111001001110000111111110011110111111111111011110111111111110111111111101110111101111111110
0011011111111111111111111111010111010100111111011110111000011110100010110010101000100111101111111100
0100111100110001000100111100000000010000111111000110011110011110000110101100011111110111101101111110
0110110010111111111111101111101010001000111100000110000111011111111111111111111101111101001101010110
0100100111011011110101111111111011111111000000000011001110001101111111011111011111101011001101110110
0110111011111101111001111111011111111111111111111001111111111110111111111110011111111101111001011110
0000000000000111101110111001100111110101011001011001101100100111011011101100010100101110110111111110
0011100000000110111111110001111101111111011111111001110100111110111100101111110111111101111101111010
0001111111111111110101011101111111101110011100111001101111110111111111001111111011111111111111010110
0001011110111111111111111101110101000111101000011111001111011011101111111110010111111111110110111100
0111010111111111111000000111110111111111010000010011111111111100001110011101111111111001111111111110
0000111111011100110010111111111101111111111111110011111111111111001110001111111111111111001001101110
0000011111100111110110111111111110111111011011110011000111110111110011111101111111110111001101111110
0011111111101111111111011011111111111111110010100011111110111110111111011000000111111101100111111110
0011111100111111110000000011110001011000000001111111110001111100011100000001110001100000000111101110
0011011111011111011111111001111001111111111111111111101001011111111101111111101101111001111101111100
0110010111111111101110111111111111111101111011111111111011101011011111111110100001110001001111101100
0001011111111111001111111111111111111010111110110001110011111101110011111011011011100001001001111110
0000001111110110000100011101111111000010111101110110111010111100000101111111100111111111111111110000
0000001111111111111000011011111101100011111111111110111011111000011111111111111111111111111011111100
0001111111111111111111100011111111111111101111001111111101111111111111110111111001111111101111111000
0011011111111101101111100100111011111111111101111001011110111111111110100011111101101111110011111110
0011111011111111111011111110010011111110111001111000011111111101010111001110011110110111101110011110
0011111111111011011111111110011110111111111110011100011111111001111011111101111111111011111110010110
0011111111111111111010111100001011001111011011110100111111111111011101000101111011111111111011111010
0110111111100111101111111111111111111111111110110001011111011110111011000111111111111101100110101110
0000000111000011111110110111111011110011110111111111111000011011101111111101111111001111111000000010
0000111101111111111111110111111111111111010111111111011110011100111111011000111111001111111111110000
0000100001110110111111111111101110111110011111111111111111110111111011001100111110011101110011100000
0000111111111111111001110101111111111111110111011101111111011110111111101111101111101111111111111000
0011101111111000011110110111111101111111110111111101110101011100101111111111110111111111111101011110
0111001111101100111011110111101111111110111010111111110101101111000111111111100111110111111011111100
0001111110111111101110110111110101111110111111111010011111111111000111101111111111100111111111011000
0011111101111011001100111100011101111111111111111110111111111111111111010111111100111111111111001110
0011010101110011001111110111110111111111011011111111011011001011100011111011101111011011101010010100
0111111101111011111111100110111111001111011111011111111101111111111111111101111111010010111110011110
0101111011001111111111111011011111110111111011101111111111111111111111100001110011011110111110011010
0111011111001111111111111111111110011101100011101101101110111111111111101111011111111111111000010110
0111111111111101111111111101101110011111011111111110111011111100111000101111111111111010111111011110
0111011111110111111100011111111000111111111111011111111011111111111110111111110111011111111111111110
0011111111111111111111110111000000110101011111101011101111111111101110110011011110011111011110111110
0010111110111010111111111111111100011101111011110111110111011111111111010011110101010101001111111110
0011110011111111110000111001111111101111101011111111111011011011111111111110011111000111111111110110
0011110010111111011111111111111111001101010011111111111111101111111111110111101111111111011100000110
0010111111111111101111111111011101111111111111111010111111000111111111100101001111110011111111111100
0011101111011011111111111001111101111111001110111110011110101011111111000110001111011101111100111000
0011111111111110111101110000011101111111110111110110011111100010111101111110010101101110111111110000
0011111110111111111111110001110011110111111101110101111111111111101001110100011111100111111111111110
0011111111111110110110010011111111111111111111100111111111101111111001111111101111011111101111110110
0101011111101111100110011011111111011011111011111010111101101111111111101111010101111001111111110110
0111111101101111011011111101111110111111111101001101111111110101011111111111111110001111100110111110
0111111111101101111111101111110111111111101111111100111011111111111111111111110010001111111111101110
0111111111001111100111110111111011101110110111101111110001111110110111111111011110001111010011111110
0111111111100101111111111111101011001101111111110001111111101111111101110011111111111101101110111010
0011111101111111111111111111111101110110011101011111101011110110111111100111111011011101111011001110
0011011111111011011011111001011111111111011111111111100100000111111101100100111111101011011110111010
0111111111111110110111101100111111111101111111111111111111111110111111111011011111110010011101111110
0101101111111111100110111011111011011101100010111111111111111011111101111111111101011100011111111110
